14 14
0.45714 0.00714 0.00714 0.00714 0.00714 0.00714 0.00714 0.00714 0.00714 0.00714 0.00714 0.45714 0.00714 0.00714 
0.00714 0.00714 0.00714 0.30714 0.00714 0.00714 0.00714 0.00714 0.00714 0.00714 0.30714 0.30714 0.00714 0.00714 
0.15714 0.00714 0.15714 0.00714 0.00714 0.15714 0.15714 0.00714 0.00714 0.00714 0.00714 0.15714 0.15714 0.00714 
0.00714 0.00714 0.00714 0.00714 0.00714 0.00714 0.00714 0.45714 0.00714 0.00714 0.00714 0.45714 0.00714 0.00714 
0.00714 0.45714 0.00714 0.00714 0.00714 0.45714 0.00714 0.00714 0.00714 0.00714 0.00714 0.00714 0.00714 0.00714 
0.00714 0.00714 0.00714 0.00714 0.00714 0.00714 0.00714 0.45714 0.00714 0.00714 0.00714 0.45714 0.00714 0.00714 
0.00714 0.00714 0.00714 0.00714 0.00714 0.00714 0.00714 0.00714 0.00714 0.00714 0.00714 0.90714 0.00714 0.00714 
0.00714 0.00714 0.00714 0.23214 0.00714 0.00714 0.00714 0.00714 0.00714 0.00714 0.00714 0.68214 0.00714 0.00714 
0.00714 0.00714 0.00714 0.30714 0.00714 0.30714 0.00714 0.00714 0.00714 0.00714 0.00714 0.30714 0.00714 0.00714 
0.00714 0.23214 0.00714 0.00714 0.23214 0.00714 0.00714 0.00714 0.00714 0.00714 0.00714 0.23214 0.00714 0.23214 
0.00714 0.30714 0.00714 0.00714 0.00714 0.00714 0.00714 0.00714 0.30714 0.00714 0.00714 0.30714 0.00714 0.00714 
0.00714 0.00714 0.00714 0.23214 0.00714 0.00714 0.00714 0.00714 0.23214 0.00714 0.23214 0.23214 0.00714 0.00714 
0.09714 0.09714 0.00714 0.00714 0.09714 0.00714 0.09714 0.00714 0.09714 0.09714 0.00714 0.09714 0.18714 0.09714 
0.06714 0.06714 0.06714 0.06714 0.12714 0.06714 0.06714 0.06714 0.06714 0.06714 0.06714 0.12714 0.00714 0.06714 
