100 10000
  0   0  9.70024573130284125000e+02
  0   1  1.43684681313395884672e+02
  0   2  1.54387771017355639458e+01
  0   3  2.88998642639940079846e+01
  0   4  1.53501895346597706293e+02
  0   5 -6.13007697501860135958e+01
  0   6 -1.17586518701816089560e+01
  0   7 -6.05082114337805592186e+01
  0   8 -1.80564779595954689739e+02
  0   9 -9.52252546409990827669e+01
  0  10 -3.18374387372203564439e+01
  0  11 -9.51762870724197966865e+01
  0  12  3.15105375611107518807e+01
  0  13  5.26403544474121787289e+01
  0  14 -8.81480764981489528509e+01
  0  15  2.14564594610834475930e+01
  0  16 -1.07181870318010780352e+02
  0  17 -1.11649165575654265581e+02
  0  18 -2.74059711073151746064e+01
  0  19  6.20072802657754849065e+01
  0  20 -8.80692494475213862870e+01
  0  21 -7.11380307995532206178e+01
  0  22 -4.11230564558634270611e+01
  0  23 -5.82697338720774524745e+01
  0  24 -3.73301567588250264862e+01
  0  25 -9.04238131802209323951e+01
  0  26  5.02142837059734929994e+01
  0  27 -1.06061305872570088127e+02
  0  28 -1.07877623706003433313e+02
  0  29  8.95494602277499041065e+01
  0  30 -3.44918148292656994158e+01
  0  31 -5.96599256179170556180e+00
  0  32 -1.99227960721059275784e+02
  0  33  1.50340535008132064831e+02
  0  34 -7.83446245594066397189e+01
  0  35 -8.22632149148007698614e+01
  0  36  8.69904752448166789236e+01
  0  37  6.23537765293791821364e+01
  0  38 -7.96818096633772654513e+01
  0  39  3.88856718784081820672e+01
  0  40  1.39360035042836720720e+01
  0  41  1.34462799069636673721e+02
  0  42  2.69058239133397876230e+01
  0  43  7.05808568170129433383e+01
  0  44 -1.59851847136546098227e+02
  0  45 -1.87154186972000928790e+01
  0  46  2.46227570199398577699e+01
  0  47 -1.12607564397408822288e+02
  0  48 -4.63374035094139600233e+01
  0  49 -1.54045084161486101948e+02
  0  50  8.89051406737820286708e+01
  0  51  7.38364350140047633886e+01
  0  52 -3.12436622160145383020e+01
  0  53  5.42010715967902427792e+01
  0  54  7.74344112849331338566e+01
  0  55 -4.90859163918892633660e+01
  0  56 -4.11090589443300729044e+01
  0  57 -5.99395933978337467352e+01
  0  58  9.61342974282709050726e+00
  0  59  1.44991907153718546652e+01
  0  60  1.63356344956785370925e+01
  0  61 -1.56475950328273768264e+02
  0  62 -2.08433369770418863709e+01
  0  63 -1.59043657140672394235e+01
  0  64  6.51173982080698436903e+01
  0  65  1.38521697259813493019e+02
  0  66  7.16996391118270963716e+01
  0  67 -1.96664467154052751141e+01
  0  68 -5.13516998889324725042e+01
  0  69 -4.18663202033759631604e+01
  0  70 -2.38994058250088770023e+01
  0  71  9.50979023161075218695e+01
  0  72 -6.98215727915076058707e+01
  0  73 -8.53233045459627703622e+01
  0  74  3.80789749971417208485e+01
  0  75  4.31207680106952722099e+01
  0  76 -1.53457027311478100273e+01
  0  77  2.87204311278076076519e+01
  0  78  7.50533767060405132554e+00
  0  79 -1.60076862418899679597e+02
  0  80  7.94134030025546167053e+01
  0  81 -1.45757947426591272233e+01
  0  82  2.40354601392815752092e+01
  0  83  3.91019787444859048264e+01
  0  84 -5.04975482625514899837e+01
  0  85 -5.12444395307143878426e+01
  0  86  2.11920083027133578923e+01
  0  87  7.61914519391675426618e-01
  0  88  2.33500671225442317791e+02
  0  89 -4.56933776356374181660e+01
  0  90 -4.49054778174359299214e+01
  0  91  1.26247466287957053055e+02
  0  92 -1.99115015098431058505e+00
  0  93  4.92979601946683274605e+01
  0  94 -1.15432556879640472403e+02
  0  95  2.19019533595843398643e+02
  0  96 -1.99294343651029379316e+02
  0  97 -4.27377647523744599312e+01
  0  98  1.06347771824225265647e+01
  0  99  6.38620982572044795234e+01
  1   0  1.43684681313395884672e+02
  1   1  7.64656650453038423620e+02
  1   2 -6.80380465883431213570e+01
  1   3  4.56621837928742380086e+01
  1   4 -1.47202438364359444734e+01
  1   5 -4.36417357470223947757e+01
  1   6 -4.02341267288540027636e+00
  1   7  1.87370050154712330936e+01
  1   8  1.02679091978035597066e+01
  1   9 -1.15463833380917549221e+02
  1  10 -5.01659197658041549062e+01
  1  11 -8.36246821865053675538e+01
  1  12 -2.64311614888092378806e+01
  1  13 -6.66688374917676895848e+01
  1  14  3.44101707133866980826e+01
  1  15 -3.93699947955829054891e+00
  1  16 -1.57974654083635414281e+02
  1  17  1.76748409764745666450e+01
  1  18 -2.70203866756326078757e+01
  1  19 -2.03614837249569774258e+02
  1  20  7.38437768068438487035e+01
  1  21 -1.20803441704534463952e+02
  1  22  1.47736460492575645276e+01
  1  23  2.53578849137456643348e+01
  1  24 -8.40787822420980859306e+01
  1  25  1.99516194045718329164e+01
  1  26  9.00911025915851979562e+01
  1  27 -5.39152832536600072899e+01
  1  28  5.64521086791708555097e+01
  1  29  1.83797444145737323140e+01
  1  30 -8.73997095546382922748e+01
  1  31  2.33575433104260561379e+01
  1  32 -6.22545951633055807406e+01
  1  33  1.92542801725140719782e+01
  1  34  4.89041861382271036973e+01
  1  35 -8.33115641413906757862e+01
  1  36 -1.33942759605865887806e+02
  1  37  6.51052654159312549353e+00
  1  38 -6.27505529973578930480e+01
  1  39 -1.58692338924531295419e+01
  1  40  6.14205924912579703800e+01
  1  41 -1.65954622559645599722e+02
  1  42  7.03404379271390922668e+01
  1  43 -4.68533967385177785303e+00
  1  44 -1.81447906601363342816e+02
  1  45  3.45875172907666765809e+01
  1  46 -5.58613457404872946199e+01
  1  47  1.04675889256602729915e+02
  1  48  6.81445757976582768833e+01
  1  49 -2.03463247024538986807e+01
  1  50 -1.13959078275151071580e+02
  1  51 -2.07642666256712971062e+01
  1  52 -3.48509986287115722803e+01
  1  53  6.04619994255251711479e+01
  1  54  4.50137705039838493803e+01
  1  55 -9.26862823729809832685e+01
  1  56  4.02365058865800762078e+00
  1  57  1.17962787991451847347e+02
  1  58 -5.14342750436787383705e+01
  1  59  5.14128579570351220696e+01
  1  60 -1.12562965306219027184e+01
  1  61 -4.57796023624405634678e+01
  1  62 -1.91974316763087273330e+02
  1  63 -1.08720648751575581059e+02
  1  64 -1.62689002296609544373e+02
  1  65 -1.02809502385493345855e+02
  1  66 -1.64966183580390826080e+01
  1  67 -6.77785795909547488236e+01
  1  68  1.83010146176671497642e+02
  1  69 -5.81044680483391076109e+01
  1  70 -6.21014212927795981045e+01
  1  71  2.39890723461555808171e+01
  1  72 -6.60512118750921644050e+01
  1  73  2.90862403868000036766e+01
  1  74 -3.19619222539255964932e+01
  1  75 -3.55680539740867516230e+01
  1  76  3.83600936111518606708e+01
  1  77  4.59010562217243602845e+01
  1  78  3.13982911533808461968e+01
  1  79 -9.32022497108840397573e+00
  1  80 -5.32569525735071369610e+00
  1  81  8.12637133183636848344e+01
  1  82  1.00062543261162616659e+02
  1  83 -2.60082045135900614241e+02
  1  84  1.12623156980728396093e+02
  1  85 -1.45208566303281187970e+01
  1  86  7.43702792331952764471e+01
  1  87  1.93459137608482389936e+00
  1  88  1.27051015082928245192e+02
  1  89 -2.71032707154833722996e+01
  1  90  3.22403662252614751083e+01
  1  91  5.06599713393335022715e+01
  1  92 -3.06381735128195806794e+01
  1  93 -4.75976752759836116979e+01
  1  94  8.15133684813556698145e+01
  1  95  1.85834987602736561030e+02
  1  96 -8.35857382885246380511e+00
  1  97 -4.63551625858257665413e+01
  1  98  6.78416024837479056941e+01
  1  99  6.10690537870216871852e+01
  2   0  1.54387771017355639458e+01
  2   1 -6.80380465883431213570e+01
  2   2  8.49077586996184891177e+02
  2   3  4.86603194897795674478e+01
  2   4 -4.62442133734876961171e+01
  2   5 -6.98232270867011237669e+01
  2   6  1.45803767455704587519e+02
  2   7 -6.56110073950758305728e+01
  2   8  5.73019787394832178506e+01
  2   9 -6.26365874364886732195e+00
  2  10 -4.78999656296563145474e+01
  2  11 -1.93954695722158561466e+02
  2  12 -5.65198699797330839090e+00
  2  13  6.81950985310301973641e+01
  2  14 -3.22844688222078062267e+01
  2  15 -3.99524731102016303907e+01
  2  16  1.48603415510491601026e+02
  2  17 -1.82229031288152896195e+02
  2  18  2.07761190199098308540e+02
  2  19 -1.07908847740694042727e+02
  2  20  1.43021720673197279439e+02
  2  21  5.71106315257166414767e+01
  2  22  1.21398514203290375235e+02
  2  23  2.51634723199142378292e+01
  2  24  1.24323167696676520677e+02
  2  25 -1.40799411578227484654e+01
  2  26  3.00623345944644171368e+01
  2  27 -3.01228156131448088217e+01
  2  28  1.29905535561108052889e+02
  2  29  3.29599212705895183717e+01
  2  30  5.95958274962654002138e+01
  2  31 -9.90731867388424447540e+00
  2  32  5.87098835985917091307e+01
  2  33  3.20387203390634240918e+01
  2  34  3.36494496673180236712e+01
  2  35 -8.51540998112491394068e+01
  2  36  3.59040594105488040100e+01
  2  37  1.17431274265512428201e+02
  2  38 -1.20780297671698193085e+02
  2  39  1.32409308757112313515e+02
  2  40 -1.18989255343402774656e+02
  2  41  1.13628007954706813365e+01
  2  42 -2.22285450010088112549e+02
  2  43 -2.47608604047815035187e+01
  2  44  8.48619044712596206637e+01
  2  45 -7.86839769046761574600e+01
  2  46 -2.33503376265324469330e+01
  2  47  6.36441130985064660308e+01
  2  48  8.20969000692172841127e+01
  2  49 -8.68120280505773962432e+01
  2  50 -3.46650167092523489032e+01
  2  51  1.70709676406476127397e+01
  2  52  1.03378881508571012660e+02
  2  53 -3.39068222705115402960e+01
  2  54 -1.24241518318395009146e+02
  2  55 -1.85384330664794028110e+01
  2  56 -7.62026431195874431879e-01
  2  57  2.49730810719749172222e+01
  2  58 -1.25973286612600915646e+02
  2  59 -5.74697524326274855611e+00
  2  60 -1.23038083425215290845e+02
  2  61  5.61469658511721192440e+01
  2  62  6.55521512443262679426e+01
  2  63  3.92609659246935791543e+01
  2  64 -4.79950572314754992931e+01
  2  65  7.97880096202023452179e+01
  2  66 -9.25556440029865683528e+01
  2  67 -1.87602645233580069828e+01
  2  68 -1.19892268406438503803e+02
  2  69 -1.28889604045668306753e+02
  2  70  5.69540083536368157979e+01
  2  71  5.24589629476078371795e+01
  2  72 -7.82263726700969499461e+01
  2  73 -3.68426725702231365744e+01
  2  74 -4.18811768720560309021e+01
  2  75  3.14168191938991725465e+01
  2  76 -1.19150287293771995678e+02
  2  77  5.35430860168701272528e+01
  2  78  7.56083777353957486866e+01
  2  79 -9.89651182023930964249e+00
  2  80  5.08363386551364797583e+01
  2  81 -1.80022944704414271655e+02
  2  82 -1.85854413605967010881e+02
  2  83  1.33023367346658801580e+02
  2  84  2.74883518021286420208e+02
  2  85 -5.09732148697679434690e+01
  2  86 -4.61572142036248749264e+01
  2  87  2.90917657724336429226e+01
  2  88  8.07637623680493987877e+00
  2  89  1.19494420543146180336e+01
  2  90 -6.57291761379924110997e+01
  2  91  2.03901623405398950695e+01
  2  92 -1.46244127817860611884e+01
  2  93 -1.59999720261452953451e+01
  2  94  9.79797321156263762987e+01
  2  95 -1.01172669586984270040e+02
  2  96  5.99035379571890658212e+01
  2  97  8.38122594520611130520e+01
  2  98  7.44866115253114742245e+01
  2  99 -1.37881429596542695037e+01
  3   0  2.88998642639940079846e+01
  3   1  4.56621837928742380086e+01
  3   2  4.86603194897795674478e+01
  3   3  8.99331072678796772379e+02
  3   4  2.63563589247486405043e+01
  3   5 -1.78979267287947209297e+02
  3   6 -1.67503020111351190735e+01
  3   7  8.73626925696899832019e+01
  3   8 -8.64943781433613594345e+01
  3   9 -9.71687844214193887638e+01
  3  10  1.36131234499771778701e+02
  3  11  6.81694296021396866081e+01
  3  12  1.19261047290136204424e+02
  3  13 -7.56826933754503272667e+01
  3  14  2.03089205665793883782e+02
  3  15 -1.21365237713410536458e+01
  3  16  7.31047855507353716575e+01
  3  17 -3.31067709177127582620e+01
  3  18  1.43017937181171646444e+02
  3  19 -4.35035199960517715567e+00
  3  20  4.21735936947187610713e+01
  3  21  7.16927476667569330004e+00
  3  22  1.69001552063058113617e+01
  3  23 -9.11114370578239061160e+01
  3  24 -6.12080813967024113254e+01
  3  25 -7.61360989075828484829e+01
  3  26 -2.41337914362280194780e+01
  3  27  3.91351038321817270571e+01
  3  28 -4.33519020512104447107e+01
  3  29  1.15370786473814618489e+02
  3  30  9.83507391006626647822e+01
  3  31 -7.77866232719771346638e+01
  3  32 -1.71841833180506462497e+01
  3  33  5.65506679519464725558e+01
  3  34  1.98841653846085534951e+02
  3  35  1.11677602978221571561e+02
  3  36 -6.16409555981436270145e+01
  3  37  1.86508516783932748240e+02
  3  38  3.54305889795028292610e+01
  3  39  7.73795834803780877564e+01
  3  40  8.31823543396936599947e+01
  3  41  4.66343992387004888656e+01
  3  42 -2.26732310937075602908e+01
  3  43  1.04562041997618123901e+02
  3  44 -2.56737296266529924083e+01
  3  45  8.65163711681939560094e+01
  3  46  3.20906660953406870362e+01
  3  47  1.06665410098667905459e+02
  3  48  1.32960223799198217876e+02
  3  49 -1.20868016571312907104e+02
  3  50 -1.48061601498417729772e+02
  3  51 -1.48302107308429469867e+02
  3  52  1.42797569536359219455e+02
  3  53  6.39708159765558335152e+01
  3  54 -6.66510025485363257758e+01
  3  55  1.52369918063181728485e+01
  3  56  6.74237938239278378205e+01
  3  57 -4.85967804742604698731e+01
  3  58 -4.96688051215641763747e+01
  3  59 -1.10634555890172791237e+02
  3  60 -1.96649945145346833897e+01
  3  61 -6.31689591557774150488e+01
  3  62 -6.08348818376502631367e+00
  3  63 -5.83682426295795693250e+01
  3  64 -2.39863990933015038820e+01
  3  65 -2.78602100363440570163e+01
  3  66  6.11070375693353273761e+00
  3  67 -9.19919849233387907361e+01
  3  68 -7.30804293392416894903e+01
  3  69 -3.61190027700671265620e+01
  3  70 -7.82950122602079545686e+01
  3  71  1.19404477757329843257e+02
  3  72  1.27746639828257841032e+02
  3  73 -1.11941836102864755276e+02
  3  74  2.22697816126279839466e+01
  3  75 -1.78305646125237643673e+02
  3  76  1.21412118394035445590e+02
  3  77 -3.55233513602609818349e+01
  3  78  1.07855576652402387339e+01
  3  79 -6.91535049184631844810e+01
  3  80  5.86104570834291962456e+01
  3  81  4.81072940833668738492e+01
  3  82  1.31028454792908149784e+02
  3  83 -1.58616779179033272840e+02
  3  84 -1.24680298058327096555e+02
  3  85  4.19173058795003594668e+00
  3  86  8.89226620779425491747e-01
  3  87 -1.64636251427551734139e+01
  3  88  1.19047251967783779492e+02
  3  89 -2.31864641095297542961e+02
  3  90 -8.83619795220288750670e+01
  3  91  6.36869912826475736978e+00
  3  92  1.30929828475046946323e+02
  3  93  1.33400702722806325795e+01
  3  94 -4.21589282012465673688e+01
  3  95  7.23189128985390823345e+01
  3  96 -2.09397547225599076626e+01
  3  97  9.28670751678262860196e+01
  3  98 -1.42566784749969439616e+01
  3  99 -8.49421024401064705955e+00
  4   0  1.53501895346597706293e+02
  4   1 -1.47202438364359444734e+01
  4   2 -4.62442133734876961171e+01
  4   3  2.63563589247486405043e+01
  4   4  7.46349107573760079504e+02
  4   5  2.47089711942649579157e+01
  4   6  1.46307088656196393472e+00
  4   7 -5.00802320144593693385e+01
  4   8 -5.77981129981835266562e+01
  4   9  7.93565756177842160923e+01
  4  10 -3.42597283394520175648e+01
  4  11  1.23278691935875155394e+01
  4  12  1.54668650675614514967e+02
  4  13  9.55890442708544085804e+00
  4  14  7.11720565467848018670e+01
  4  15 -1.15787271470171987175e+02
  4  16  1.98271435968966223129e+01
  4  17 -8.52727566273278512199e+01
  4  18 -1.06587787878036891698e+02
  4  19 -1.12865262518324726670e+02
  4  20  8.63969949705172410859e+01
  4  21  8.78299424802268617896e+01
  4  22 -2.98427042738884189532e+01
  4  23 -3.21499615606007864699e+01
  4  24 -9.84504744780925200587e+00
  4  25 -8.44258619009459465587e+01
  4  26  2.02768175082822814659e+01
  4  27 -9.54668488790405405098e+01
  4  28  3.87175262721619688477e+01
  4  29  6.01086054490420096386e+01
  4  30 -4.12708144946648616269e+01
  4  31  6.51518783333183790774e+01
  4  32 -1.43747743296177731054e+02
  4  33  1.10442570023009295710e+02
  4  34  8.16378481582822814744e+01
  4  35 -6.76279336311763898948e+01
  4  36 -6.19174486125375054257e+01
  4  37  2.04464086239691425817e+02
  4  38  5.17686351974260006159e+01
  4  39 -6.43806556033680266182e+01
  4  40  7.91174682119690952931e+00
  4  41  9.27727948764927248249e+01
  4  42  8.61336066269439299958e+01
  4  43 -1.24171271918245366805e+02
  4  44 -8.75243563950259044759e+01
  4  45 -9.58441037037274412569e+00
  4  46  1.76676062116408502334e+02
  4  47  7.24247186425237003959e+01
  4  48 -4.63828976994251576116e+01
  4  49  8.22288807140717352695e+01
  4  50  6.07663767406782611147e+01
  4  51 -1.39810944900612188491e+01
  4  52  2.39900446617872447064e+01
  4  53 -1.48743966364347897979e+02
  4  54 -1.67116199825486489772e+02
  4  55 -1.78845360315558501441e+01
  4  56  1.74402893708298961428e+02
  4  57 -1.58433368280873850154e+02
  4  58  1.50419065141017540554e+01
  4  59 -4.74778830022988742598e+01
  4  60  2.78563835968063777671e+01
  4  61 -1.44141931598131350256e+02
  4  62 -9.03845998507508454622e+01
  4  63  3.45687692851301946462e+01
  4  64  4.15733807201521301522e+01
  4  65  1.44152263573146282027e+01
  4  66  1.44957745071708302476e+02
  4  67 -1.01057205713163696714e+02
  4  68  6.13807236294256686193e+00
  4  69 -3.69133913283987524778e+01
  4  70  9.74358421774651191072e+01
  4  71  5.25115556602268185316e+01
  4  72  8.03143908092610558924e+01
  4  73 -4.49620906258000871958e+01
  4  74 -3.78222933705454806841e+01
  4  75  9.43039375594967168581e+01
  4  76  2.78242690446538709637e+01
  4  77 -6.15114665858493694373e+01
  4  78 -3.10420721762494018492e+01
  4  79 -1.19138733073519460959e+02
  4  80 -1.07769494025681396465e+02
  4  81  3.40976860969953747826e+01
  4  82  1.10873522862807575962e+02
  4  83  1.64359892162177317232e+02
  4  84 -1.21385633151452481115e+02
  4  85  5.21916033982489366849e+01
  4  86 -1.67081468551063649919e+00
  4  87  3.75474400039432651965e+01
  4  88  2.72805137432592417213e+01
  4  89  8.87973961908226954165e+01
  4  90  6.52338106671979574003e+01
  4  91  3.69389867993910314681e+01
  4  92  1.07557443496691277574e+02
  4  93  3.06594572146786354949e+01
  4  94  7.80855437825716336420e+01
  4  95  1.12345514296046587788e+02
  4  96 -1.26771857626460473512e+02
  4  97 -9.53471425196737101260e+01
  4  98  2.14423603778897025052e+01
  4  99 -1.28696635483463353467e+02
  5   0 -6.13007697501860135958e+01
  5   1 -4.36417357470223947757e+01
  5   2 -6.98232270867011237669e+01
  5   3 -1.78979267287947209297e+02
  5   4  2.47089711942649579157e+01
  5   5  7.92270345400835481087e+02
  5   6  2.98513612439318016811e+01
  5   7 -1.69740765628558932576e+02
  5   8  3.52674780714315758701e+01
  5   9  1.04033510062443397715e+02
  5  10  5.17986741252927629375e+01
  5  11  8.61263810226748631749e+01
  5  12 -2.33970484204813153895e+01
  5  13  1.73545189387264514602e-01
  5  14 -1.03008616411606254815e+02
  5  15  2.83114962648459922434e+01
  5  16  8.51909828738123451330e+01
  5  17  4.78388575482022204710e+01
  5  18  1.09457938907143642382e+02
  5  19  8.96047519614668317445e+01
  5  20 -9.10630651146325931222e+01
  5  21  9.48285555873650487513e+00
  5  22 -3.21091952306232553127e+00
  5  23  2.83135972737798510934e+02
  5  24  8.18710809461902471185e+01
  5  25  2.88319350770780609139e+01
  5  26 -2.01441897969098278054e+01
  5  27 -7.13225704697565277002e+01
  5  28 -3.15371199709279110834e+01
  5  29 -6.52253258328334624139e+01
  5  30  7.98418855124751019048e+01
  5  31  1.19743785431556602816e+02
  5  32  6.32865042799496677617e+01
  5  33  7.31213848446106737811e+01
  5  34 -1.02131990473865698732e+02
  5  35 -2.05927019160279883181e+02
  5  36  8.22372234994385706841e+01
  5  37 -1.59763824398715730268e+01
  5  38  1.73312198201475467840e+02
  5  39 -1.02029554997820248730e+01
  5  40 -2.32370625365942551355e+01
  5  41  4.18538587301170323940e+01
  5  42  6.40918212166634191362e+01
  5  43 -6.45303858816563860046e+01
  5  44 -1.91824340654530999473e+02
  5  45  2.55411537206917813592e+01
  5  46 -3.52745880659686292802e+01
  5  47 -3.94005591324804171904e+01
  5  48 -2.24631117900884120786e+01
  5  49  1.41735047126609913448e+02
  5  50 -3.43630823362503790008e+01
  5  51 -1.12242068280604954111e+01
  5  52  4.30924043227616024865e+01
  5  53  1.02805364812095003657e+01
  5  54  6.14706019140877657492e+01
  5  55  4.11006150072859952616e+01
  5  56  5.99386569908199362544e+01
  5  57 -9.03090106786370370173e+01
  5  58  1.09685261610185349923e+02
  5  59  6.02467217931954479582e+01
  5  60 -3.15471409097770649765e+00
  5  61  5.37487363902929189408e+01
  5  62  1.52561651891121698554e+02
  5  63  8.15789313764370120907e+01
  5  64 -3.87745170919301873624e+00
  5  65 -2.25407841806335014212e+01
  5  66  9.45738900048221253769e+00
  5  67  2.29179776940698225474e+01
  5  68 -7.05900615222238485558e+01
  5  69  1.60695232069553668452e+01
  5  70  6.00441889345832109370e+01
  5  71 -9.68026572628545380894e+01
  5  72 -3.47765479326322832776e+01
  5  73  1.10707048429736634176e+01
  5  74  7.58527342979994045891e+01
  5  75  7.69697417429205188455e+01
  5  76  6.74122457716404142047e+01
  5  77 -3.47917257689543575339e+01
  5  78  4.06486367157793537785e+01
  5  79  8.46055225465984328537e+00
  5  80 -1.47560005079627671876e+02
  5  81 -1.92782910629289375493e+02
  5  82 -4.34950945190822011455e+01
  5  83  1.56939683838591520271e+02
  5  84 -3.96873583692732267991e+01
  5  85 -2.82591768501718512141e+01
  5  86 -3.89411453112679240007e+01
  5  87  4.37705480285348542679e+01
  5  88  3.46377155644162559867e+00
  5  89  6.61774479235464383464e+01
  5  90  2.56751903277784840895e+01
  5  91 -1.96840347228932728285e+01
  5  92 -2.02241559747096530941e+01
  5  93 -2.09047726765712866381e+02
  5  94 -8.99801122296075135409e+01
  5  95 -1.38410341372295562223e+02
  5  96 -1.13255926279933191836e+02
  5  97 -6.64073997252542085334e+01
  5  98 -7.29217874730319266519e+01
  5  99  4.28390218558080775324e+01
  6   0 -1.17586518701816089560e+01
  6   1 -4.02341267288540027636e+00
  6   2  1.45803767455704587519e+02
  6   3 -1.67503020111351190735e+01
  6   4  1.46307088656196393472e+00
  6   5  2.98513612439318016811e+01
  6   6  8.79672367965586317951e+02
  6   7  8.53592923779218892832e+01
  6   8 -1.52400109630700171692e+02
  6   9  9.16105345246918005842e+01
  6  10  1.30950295494848152345e+01
  6  11 -1.14530560387429176217e+02
  6  12 -1.97769111893492237186e+02
  6  13  2.20166645376290865954e+01
  6  14  7.09586152678027275442e+01
  6  15 -2.41742740300528851094e+01
  6  16  1.20721247300350910336e+02
  6  17 -8.06794734120397194488e+00
  6  18  3.04748457362324494113e+01
  6  19 -4.17288973631814101850e+01
  6  20  2.66678261867619568193e+01
  6  21 -2.12118978535782929384e+02
  6  22  1.71936028181094343381e+02
  6  23 -4.24936469740995832467e+01
  6  24  6.69667910568169588714e+00
  6  25  4.89785490219193846428e+01
  6  26 -9.29145685893966657432e+01
  6  27  1.27627415854079174551e+02
  6  28 -7.25280987196118900329e+01
  6  29 -1.67314430568889235929e+02
  6  30 -9.08158233832581203160e+01
  6  31 -2.58989462722705754416e+00
  6  32 -3.34264291019554207196e+01
  6  33  8.95496180402577266477e+01
  6  34 -4.04474474718760177439e+01
  6  35 -6.24429882403325180462e+01
  6  36 -8.37957957602530356667e+00
  6  37  8.79273713264410901047e+01
  6  38 -8.86929830157685046288e+01
  6  39 -5.11550606320606746635e+01
  6  40 -5.08715694469668306965e+01
  6  41 -1.15130934051009390373e+02
  6  42  2.38070229798378107944e+01
  6  43  7.91263923488168643416e+01
  6  44  1.39188983843172792376e+02
  6  45 -5.69513289058548721755e+01
  6  46 -1.62456969938839648648e+02
  6  47 -4.15292743472311940423e+01
  6  48  1.73783144050868720853e+01
  6  49  4.26256140442989917005e+01
  6  50 -1.84798675454213650937e+02
  6  51  3.64690200627820573231e+01
  6  52 -1.08098354011769416161e+02
  6  53 -1.44355107213763886875e+02
  6  54 -8.26390554832179162759e+01
  6  55 -1.11159054910150814521e+02
  6  56 -7.94696728776298755292e+01
  6  57 -2.20421028978072570226e+02
  6  58 -1.31021172171262293205e+02
  6  59  1.32223207290036111061e+01
  6  60 -9.61646746115801107635e+01
  6  61 -2.57391231476960413715e+01
  6  62  4.33360029938241879677e+01
  6  63 -1.81036301752980719471e+01
  6  64  1.19188379529432950221e+02
  6  65 -2.96799257662787958623e+01
  6  66 -2.26112351497028818414e+01
  6  67  9.06908029505546977589e+01
  6  68 -3.93836922106445541658e+01
  6  69 -1.70294957544503553493e+01
  6  70 -1.51950324499169880710e+02
  6  71 -5.08898438175145670925e+01
  6  72  5.00405405708082113847e+01
  6  73  9.72768029677647945164e+01
  6  74 -2.59471122715334381326e+01
  6  75 -5.44226677445080468942e+01
  6  76 -4.40610321130270676804e+01
  6  77 -5.43133820363142305609e+01
  6  78 -1.06078922091746207457e+02
  6  79 -3.73105743301209855645e+01
  6  80  7.10961614125834557854e+01
  6  81 -1.14920049971476998962e+02
  6  82 -1.02389633188068714276e+02
  6  83 -1.08154522255976658585e+02
  6  84  4.98595269913531602413e+00
  6  85  6.65374953739095928995e+01
  6  86 -1.00342134779239174236e+02
  6  87 -1.04925309725236772351e+02
  6  88  7.08740746128091387845e+01
  6  89  3.87866739571689134181e+00
  6  90  1.93227685025641960692e+02
  6  91 -9.61643696460639887391e+01
  6  92  6.39022931617704870177e+01
  6  93 -7.44831295875808940821e+00
  6  94  1.53212198912366091008e+02
  6  95 -1.16744774785311037135e+02
  6  96 -1.77726120866415691069e+01
  6  97  9.19298911170817518723e+01
  6  98 -5.42255204836263899892e+01
  6  99  4.05560620907121602841e+01
  7   0 -6.05082114337805592186e+01
  7   1  1.87370050154712330936e+01
  7   2 -6.56110073950758305728e+01
  7   3  8.73626925696899832019e+01
  7   4 -5.00802320144593693385e+01
  7   5 -1.69740765628558932576e+02
  7   6  8.53592923779218892832e+01
  7   7  8.28917360602204894349e+02
  7   8  4.42755547035454952720e+01
  7   9  5.14837631009650280589e+01
  7  10  1.59936318258792653069e+02
  7  11  4.28670592130806493714e+00
  7  12  2.16328605802054880769e+01
  7  13  1.44340860168256881479e+01
  7  14  1.27840898380533360523e+02
  7  15 -1.09394263616709803699e+01
  7  16  1.15712661528707570824e+02
  7  17  1.16235929244866753152e+02
  7  18 -1.04334982187650339824e+02
  7  19 -1.27195280060653956866e+02
  7  20 -1.02477500330289519326e+01
  7  21 -1.43773604628730389265e+01
  7  22  1.57698511270149282382e+02
  7  23 -1.58707974157363707945e+02
  7  24  9.12932536914280845508e+00
  7  25 -2.38884801087307678813e+01
  7  26 -3.84544080573370976595e+01
  7  27  1.34639797912359597376e+02
  7  28 -1.98433333354857666109e+01
  7  29 -2.12499632844174783486e+02
  7  30  1.22525413175030053026e+02
  7  31 -4.25019177247979058620e+01
  7  32 -8.66657833030272684027e+01
  7  33 -2.79355426987725827814e+01
  7  34  2.93070866774597362792e+01
  7  35  7.01051396873404897292e+00
  7  36 -3.97821433849152441553e+01
  7  37 -3.17134923148905167878e+00
  7  38 -7.14163451655498420223e+01
  7  39  1.28468098985253021738e+02
  7  40  1.04739411740217693847e+01
  7  41 -7.65795287535318180971e+01
  7  42  9.42127539881876856498e+01
  7  43  2.49812216966668252383e+01
  7  44  2.24755907133005109699e+02
  7  45  1.98713347523008565076e+02
  7  46  1.06702518704635991753e+02
  7  47  3.83158436089231884125e+01
  7  48  4.75661340940810717370e+01
  7  49 -4.56378271851950430005e+01
  7  50 -8.22055353862223654460e+01
  7  51 -8.99407039930321872134e+01
  7  52  8.82227458578223533436e+00
  7  53  1.05032553417400702500e+01
  7  54 -6.39704894875194298720e+01
  7  55  3.05105582609876009315e+01
  7  56  1.82608454738590211264e+01
  7  57  4.73475550594217224898e+01
  7  58 -8.87423306121197299490e+01
  7  59 -8.04969146015884433609e+01
  7  60  7.48304895291009941616e+00
  7  61  3.42201167356535052022e+01
  7  62 -1.85111052580593629102e+01
  7  63  3.04099212857815857092e+01
  7  64  1.42379504524309965063e+02
  7  65  3.55668015391916298995e+01
  7  66  2.01980141135090235593e+02
  7  67 -2.64125049214711857815e+01
  7  68  1.63918916803094759871e+02
  7  69  1.58191909799592963282e+02
  7  70 -7.25546267325464526721e+01
  7  71  1.29687888348043003361e+01
  7  72 -1.19811098830378611524e+02
  7  73  2.24284144596949488459e+01
  7  74  8.70192237113784443636e+01
  7  75  8.97882864793327151176e+00
  7  76  7.50300072366001415958e+01
  7  77 -1.05757676112586320727e+01
  7  78 -3.66076147721865581275e+01
  7  79 -5.72231954618168074944e+01
  7  80 -1.25748539256297959810e+01
  7  81 -3.19225619919993945928e+01
  7  82  1.07846479551308263467e+02
  7  83  2.91823976410890111310e+01
  7  84  9.58024446089207373234e+01
  7  85  7.28272203574875618415e+01
  7  86 -3.17800293054538087745e+01
  7  87 -3.89659134239921698395e+01
  7  88  1.85687573858567951390e+01
  7  89  2.71034924861044039801e+01
  7  90 -3.54295614237192495466e+01
  7  91  3.06998073993145652594e+01
  7  92 -2.41001497787625247327e+01
  7  93 -5.48014786002966047818e+01
  7  94  4.47573897100348858658e+01
  7  95 -6.60874664297092522247e+01
  7  96  1.36087692372931634566e+01
  7  97  1.20436665336050637620e+02
  7  98 -6.45368377574252747308e+01
  7  99 -1.20653488654914937683e+02
  8   0 -1.80564779595954689739e+02
  8   1  1.02679091978035597066e+01
  8   2  5.73019787394832178506e+01
  8   3 -8.64943781433613594345e+01
  8   4 -5.77981129981835266562e+01
  8   5  3.52674780714315758701e+01
  8   6 -1.52400109630700171692e+02
  8   7  4.42755547035454952720e+01
  8   8  9.42538048137204668819e+02
  8   9 -6.05607209656171718848e+01
  8  10  8.42498935775393533731e+01
  8  11 -1.78675969598731043675e+01
  8  12  1.23110546084978153658e+02
  8  13 -5.41331496253626482940e+01
  8  14 -5.76793034409600693380e+01
  8  15  9.28394293636488043830e+01
  8  16  1.34586870489534192075e+02
  8  17 -5.45802781725048618000e+01
  8  18  2.72232511788903721595e+01
  8  19 -5.13647175738059758032e+01
  8  20  1.50248471543174648701e+01
  8  21 -9.05935650659837534704e+01
  8  22 -2.46254404091102863106e+01
  8  23  1.26614633335721933349e+02
  8  24  3.58629972433448287461e+01
  8  25  4.98427522716481306020e+01
  8  26  9.39256003634534835101e+01
  8  27  4.01241200925201155769e+01
  8  28  1.37795935785892424974e+01
  8  29  4.05666109241773895633e+01
  8  30 -4.69237460675136048849e+01
  8  31 -7.98650953213271908027e+00
  8  32  4.33458257125147241595e+01
  8  33 -7.29399554366204228018e+01
  8  34 -1.70138998086094431983e+02
  8  35  7.25315724339621112904e+01
  8  36 -4.06942656765747745595e+00
  8  37 -4.96431540016573507046e+01
  8  38 -4.64502610262738002689e+01
  8  39 -3.10015209605282322514e+01
  8  40 -7.94059956452507833546e+01
  8  41 -7.94559654348599231355e+00
  8  42 -1.32265304786167064321e+02
  8  43 -6.38239259392839031193e+01
  8  44  1.57834579756192994182e+02
  8  45  1.37731908652927224068e+01
  8  46  4.70372419159073551498e+00
  8  47  1.22523959045653654698e+02
  8  48 -1.66254143121954918172e+01
  8  49  1.50399650843234098829e+02
  8  50  8.15100582975372560668e+01
  8  51 -8.44037993760526035203e+01
  8  52 -3.65858194502483442534e+01
  8  53  9.57818600481119233336e+01
  8  54 -1.18989683718965313375e+01
  8  55  1.12289025009984555936e+02
  8  56  3.56503077119333227074e+01
  8  57  1.68239964678735162806e+02
  8  58 -1.19557090554250308401e+02
  8  59 -9.98024062635085584816e+01
  8  60 -2.00285564763128078880e+01
  8  61  1.05075861794055018805e+01
  8  62  3.06801152093023716816e+01
  8  63  5.43403886968640250643e+01
  8  64 -3.60532864470169087667e+01
  8  65  4.39176716899148047446e+01
  8  66  1.22234610236829794871e+02
  8  67  5.12094744191092665631e+00
  8  68  3.22609468142792863432e+01
  8  69 -1.19849313396612330962e+02
  8  70  5.99537875396651358528e+01
  8  71  2.86256693126298848995e+01
  8  72  3.21005637461345827433e+01
  8  73  1.34892173046220648303e+02
  8  74  9.96289792699996326064e+01
  8  75  4.74942780282084342502e+01
  8  76  6.98130997501312293707e+01
  8  77  5.18314363123482877427e+01
  8  78 -1.78140468427703027032e+01
  8  79  1.42389785601277793603e+02
  8  80  2.13282937531403042897e+01
  8  81 -4.06732635978877543614e-02
  8  82 -1.59549114950994720630e+02
  8  83  4.75235448708858143618e+00
  8  84  1.74744708366914011322e+02
  8  85 -6.06328381720074176542e+01
  8  86 -1.53347343806611405626e+02
  8  87  6.73121352329024205119e+01
  8  88 -1.03399752786697533224e+02
  8  89  8.92022187832772743832e+01
  8  90  4.60483493473038478783e+01
  8  91 -7.19588555729361019075e+01
  8  92 -2.57205130563906259056e+01
  8  93 -4.92841475387612888426e+01
  8  94  4.22822530061527643852e+01
  8  95 -1.14291049866372290467e+02
  8  96  6.58067419783547080669e+01
  8  97 -1.41317996712109561486e+02
  8  98  1.23968123079311453694e+02
  8  99 -3.35228663724100144350e+01
  9   0 -9.52252546409990827669e+01
  9   1 -1.15463833380917549221e+02
  9   2 -6.26365874364886732195e+00
  9   3 -9.71687844214193887638e+01
  9   4  7.93565756177842160923e+01
  9   5  1.04033510062443397715e+02
  9   6  9.16105345246918005842e+01
  9   7  5.14837631009650280589e+01
  9   8 -6.05607209656171718848e+01
  9   9  7.06844374882335046095e+02
  9  10  2.64990265133385420881e+01
  9  11  1.11977795375372494391e+02
  9  12 -1.30005362212936915967e+02
  9  13  8.00662761220803815831e+01
  9  14 -8.12935572947291973378e+01
  9  15 -1.38047965388725685898e+02
  9  16  8.94136772775796231372e+01
  9  17  1.90532839581513009364e+01
  9  18  7.89564645763086758734e+01
  9  19 -5.99140694711721195631e+01
  9  20 -2.14209420623649471338e+01
  9  21  5.33706053302174012742e+01
  9  22  3.19392140864605345030e+01
  9  23  1.22478470757438184791e+01
  9  24 -1.09734374835377607837e+02
  9  25 -1.08443935898485349867e+02
  9  26 -4.50029261047356641257e+01
  9  27  8.53690444174774043518e+00
  9  28 -3.51538839188584333328e+01
  9  29  1.90429510859828248215e+01
  9  30 -2.38524320381010710435e+01
  9  31  2.53985723597239996252e+01
  9  32 -7.38417756868664270087e+01
  9  33  6.09500781453072661975e+01
  9  34  5.03348135558161189351e+01
  9  35 -1.05072251910636254024e+01
  9  36  2.07255016138655463465e+02
  9  37 -5.14190099294767861693e+01
  9  38  1.23305375023269178314e+02
  9  39 -8.14873089690585459266e+01
  9  40 -8.62428207057894979926e+01
  9  41  8.55198785933198735165e+01
  9  42  1.52455503094905342465e+01
  9  43  4.10822292729631897146e+01
  9  44 -1.08938462965606870370e+01
  9  45 -5.98290309896794028077e+01
  9  46 -1.34942167283582268311e+01
  9  47  1.10065770334320252033e+01
  9  48 -1.59056881332958653275e+02
  9  49  5.80589211326675638247e+01
  9  50  1.86398820508691784426e+02
  9  51  2.64892266744039126536e+01
  9  52 -6.38606711750951205886e+00
  9  53 -1.54390143396847662416e+02
  9  54  2.12115048549313129911e+01
  9  55  2.13209299486438510485e+02
  9  56 -6.72204870935958531675e+00
  9  57 -6.27075142932312985522e+01
  9  58  1.41682855698762182328e+01
  9  59 -1.41528727324813186073e+01
  9  60 -1.46838676049611738250e+01
  9  61  5.46500672470863761987e+01
  9  62 -7.57842602183914237912e+01
  9  63 -3.98815783665037955075e+01
  9  64  8.81731676803224644345e+01
  9  65  2.39115581940822494289e+02
  9  66  1.15235217371340922909e+02
  9  67  1.93712573199566158166e+01
  9  68  4.97605246129388874010e+01
  9  69  2.00448850636349362730e+01
  9  70 -8.35925063115407773751e+00
  9  71 -1.40779800153091429138e+02
  9  72 -3.50635925946277282605e+01
  9  73  1.96135454114533587244e+01
  9  74 -1.02119628633326883005e+02
  9  75  2.63090803671474553482e+01
  9  76  6.21982185022348019743e+01
  9  77 -1.55366491927333981948e+02
  9  78  7.16461905904558449265e+01
  9  79 -9.38895831400113820564e+01
  9  80 -7.76135733502925173610e+00
  9  81  7.76785984135608664758e+00
  9  82  1.01764721734170876744e+02
  9  83  7.91770107413885693148e+00
  9  84 -3.47372316911551815011e+00
  9  85 -1.16456954849518524497e+02
  9  86  5.30732466875934534301e+01
  9  87 -5.63327384301958105084e+01
  9  88  4.12314867853074673576e+00
  9  89 -2.63145938399345276082e+01
  9  90  5.88832312801543125147e+01
  9  91  3.28310980453738139317e+01
  9  92  9.09916936858235025909e+00
  9  93 -1.08200689611760395792e+02
  9  94 -1.18355510130177350447e+02
  9  95 -7.16874355300716530337e+01
  9  96  6.24070514836128964475e+01
  9  97  1.35681029759557318926e+01
  9  98  5.86031934832247358713e+01
  9  99 -1.25770718578481194072e+02
 10   0 -3.18374387372203564439e+01
 10   1 -5.01659197658041549062e+01
 10   2 -4.78999656296563145474e+01
 10   3  1.36131234499771778701e+02
 10   4 -3.42597283394520175648e+01
 10   5  5.17986741252927629375e+01
 10   6  1.30950295494848152345e+01
 10   7  1.59936318258792653069e+02
 10   8  8.42498935775393533731e+01
 10   9  2.64990265133385420881e+01
 10  10  8.40265265538428820946e+02
 10  11 -5.58723273745006778768e+01
 10  12 -3.32011351422353868657e+01
 10  13  3.04113036294117158320e+01
 10  14  1.32447154218569579598e+02
 10  15 -8.11053404047835613255e+01
 10  16  4.98060149741523190414e+01
 10  17  3.35206673696302530630e+01
 10  18  4.35809214601586436544e+00
 10  19 -1.86593718842999614083e+01
 10  20 -8.39506597188196792558e+01
 10  21 -3.18578601689691929266e+01
 10  22 -1.55026478060758336142e+02
 10  23 -5.58050937422046402503e+01
 10  24 -4.78968319257661363508e+01
 10  25  1.37849112724269360797e+02
 10  26 -1.10491948444181353750e+01
 10  27  7.40776435685226175565e+00
 10  28 -1.62399160347311379837e+02
 10  29 -5.32177693383465282295e+01
 10  30 -9.75925274640447071306e+01
 10  31  9.77786374716229467197e+00
 10  32  4.10264686072707291942e+01
 10  33 -2.66567935089554488570e+01
 10  34  7.89996285326655112158e+01
 10  35  6.68158325030304389713e+00
 10  36 -3.87201559841069595791e+01
 10  37 -8.38812305080903684029e+01
 10  38 -6.20490334776332730371e+01
 10  39  1.17176130649342027823e+02
 10  40 -3.56729086059447766388e+01
 10  41  3.06530956354576211709e+01
 10  42 -9.34644764536054672988e+00
 10  43  1.66230210160224700644e+00
 10  44 -1.20819978557886980042e+01
 10  45  2.48189394467262388844e+02
 10  46  1.16487135808529007619e+01
 10  47 -1.07870963920350035892e+02
 10  48  1.26450673553254304693e+02
 10  49  1.41769449772683819866e+00
 10  50  8.08785614485066162160e+01
 10  51 -1.47507896136375187268e+01
 10  52  2.69746422247382724890e+02
 10  53  2.60038856436937635408e+01
 10  54 -6.92281385729100264825e+01
 10  55  8.65780633528541159194e+01
 10  56  1.14081476507649185237e+02
 10  57  2.50993866175457185363e+01
 10  58 -1.28797517348094970657e+02
 10  59  7.87567717977753147807e+01
 10  60 -8.56039304411364554426e+01
 10  61 -4.09756476182161151200e+01
 10  62 -4.78089138672335280944e+01
 10  63 -1.29612722479294664168e+01
 10  64 -3.42062502061793907160e+01
 10  65 -7.74368695073334833978e+00
 10  66  6.85592153325944053677e+01
 10  67  1.06298387733891857465e+02
 10  68 -2.62751828254670627416e+01
 10  69  5.18957504072970792208e+01
 10  70 -9.78547414223156408752e+01
 10  71  7.55110137137264558760e+01
 10  72  5.03948799163333944762e+01
 10  73  3.88923902765453419761e+01
 10  74  8.96651214150245152723e+01
 10  75  3.62723598957004167431e+00
 10  76 -5.56189084747072381987e+00
 10  77 -4.01524276775215440694e+01
 10  78 -3.77723787701984292653e+01
 10  79  1.12452856159994372121e+01
 10  80  7.87491591672969004634e+00
 10  81 -4.64217571431912929825e+01
 10  82  4.87295404032480377055e+01
 10  83 -9.42057486890674482538e+01
 10  84 -7.32390761058523196425e+01
 10  85  9.14414738408367355760e+01
 10  86  4.16921150478069648670e+01
 10  87  2.27458261127159993009e+01
 10  88 -4.23773169467082055917e+01
 10  89  7.86362139610681651902e+01
 10  90 -5.18954712933132640273e+01
 10  91 -5.96765265946157725807e+01
 10  92  4.66182754756660457929e+01
 10  93  5.54950166926594246064e+00
 10  94 -1.29901293801543360473e+01
 10  95 -1.22292752701443504293e+02
 10  96 -2.83281084771176438153e+02
 10  97  9.98131503471801373450e+00
 10  98  5.33956160523090019865e+01
 10  99  2.71416009254362577963e+01
 11   0 -9.51762870724197966865e+01
 11   1 -8.36246821865053675538e+01
 11   2 -1.93954695722158561466e+02
 11   3  6.81694296021396866081e+01
 11   4  1.23278691935875155394e+01
 11   5  8.61263810226748631749e+01
 11   6 -1.14530560387429176217e+02
 11   7  4.28670592130806493714e+00
 11   8 -1.78675969598731043675e+01
 11   9  1.11977795375372494391e+02
