14
3 4
5 8
6 8
0 7
5 6
7 6
9 8
8 3
6 0
1 4
6 8
3 3
1 1
8 1
4 5
1 6
3 6
4 9
1 4
2 9
6 7
4 4
3 9
4 9
4 0
2 8
5 1
7 4
9 0
7 5
4 10
0 11
0 10
12 8
12 3
12 9
------------
14 14
0.00714 0.00714 0.00714 0.30714 0.00714 0.00714 0.00714 0.30714 0.00714 0.00714 0.00714 0.30714 0.00714 0.00714 
0.00714 0.90714 0.00714 0.00714 0.00714 0.00714 0.00714 0.00714 0.00714 0.00714 0.00714 0.00714 0.00714 0.00714 
0.23214 0.23214 0.00714 0.00714 0.00714 0.23214 0.00714 0.00714 0.00714 0.23214 0.00714 0.00714 0.00714 0.00714 
0.26429 0.00714 0.26429 0.00714 0.13571 0.00714 0.00714 0.00714 0.13571 0.13571 0.00714 0.00714 0.00714 0.00714 
0.00714 0.00714 0.30714 0.00714 0.00714 0.60714 0.00714 0.00714 0.00714 0.00714 0.00714 0.00714 0.00714 0.00714 
0.07143 0.07143 0.07143 0.07143 0.07143 0.07143 0.07143 0.07143 0.07143 0.07143 0.07143 0.07143 0.07143 0.07143 
0.00714 0.18714 0.00714 0.18714 0.00714 0.00714 0.00714 0.18714 0.00714 0.18714 0.18714 0.00714 0.00714 0.00714 
0.00714 0.00714 0.45714 0.45714 0.00714 0.00714 0.00714 0.00714 0.00714 0.00714 0.00714 0.00714 0.00714 0.00714 
0.00714 0.00714 0.18714 0.00714 0.18714 0.00714 0.00714 0.18714 0.18714 0.18714 0.00714 0.00714 0.00714 0.00714 
0.00714 0.00714 0.00714 0.00714 0.30714 0.30714 0.00714 0.00714 0.00714 0.00714 0.30714 0.00714 0.00714 0.00714 
0.07143 0.07143 0.07143 0.07143 0.07143 0.07143 0.07143 0.07143 0.07143 0.07143 0.07143 0.07143 0.07143 0.07143 
0.07143 0.07143 0.07143 0.07143 0.07143 0.07143 0.07143 0.07143 0.07143 0.07143 0.07143 0.07143 0.07143 0.07143 
0.00714 0.00714 0.00714 0.00714 0.00714 0.45714 0.00714 0.00714 0.45714 0.00714 0.00714 0.00714 0.00714 0.00714 
0.00714 0.00714 0.00714 0.00714 0.00714 0.00714 0.00714 0.00714 0.00714 0.90714 0.00714 0.00714 0.00714 0.00714 
------------
 0.39799 0.02356 0.05498 0.03749 0.01872 0.16100 0.02337 0.02644 0.02811 0.15806 0.03141 0.01812 0.01043 0.01033
