14
0 1  0 3  0 4  
1 5  
2 5  2 7  2 8  2 9  
3 4  3 6  
4 1  4 5  4 6  4 7  4 9  4 13  
5 0  5 1  5 3  5 6  5 9  
6 3  6 7  6 9  6 9  
7 8  
8 3  8 4  8 6  
9 0  9 1  9 12  
10 2  
11 6  


------------
14 14
 0.00714  0.30714  0.00714  0.30714  0.30714  0.00714  0.00714  0.00714  0.00714  0.00714  0.00714  0.00714  0.00714  0.00714 
 0.00714  0.00714  0.00714  0.00714  0.00714  0.90714  0.00714  0.00714  0.00714  0.00714  0.00714  0.00714  0.00714  0.00714 
 0.00714  0.00714  0.00714  0.00714  0.00714  0.23214  0.00714  0.23214  0.23214  0.23214  0.00714  0.00714  0.00714  0.00714 
 0.00714  0.00714  0.00714  0.00714  0.45714  0.00714  0.45714  0.00714  0.00714  0.00714  0.00714  0.00714  0.00714  0.00714 
 0.00714  0.15714  0.00714  0.00714  0.00714  0.15714  0.15714  0.15714  0.00714  0.15714  0.00714  0.00714  0.00714  0.15714 
 0.18714  0.18714  0.00714  0.18714  0.00714  0.00714  0.18714  0.00714  0.00714  0.18714  0.00714  0.00714  0.00714  0.00714 
 0.00714  0.00714  0.00714  0.23214  0.00714  0.00714  0.00714  0.23214  0.00714  0.45714  0.00714  0.00714  0.00714  0.00714 
 0.00714  0.00714  0.00714  0.00714  0.00714  0.00714  0.00714  0.00714  0.90714  0.00714  0.00714  0.00714  0.00714  0.00714 
 0.00714  0.00714  0.00714  0.30714  0.30714  0.00714  0.30714  0.00714  0.00714  0.00714  0.00714  0.00714  0.00714  0.00714 
 0.30714  0.30714  0.00714  0.00714  0.00714  0.00714  0.00714  0.00714  0.00714  0.00714  0.00714  0.00714  0.30714  0.00714 
 0.00714  0.00714  0.90714  0.00714  0.00714  0.00714  0.00714  0.00714  0.00714  0.00714  0.00714  0.00714  0.00714  0.00714 
 0.00714  0.00714  0.00714  0.00714  0.00714  0.00714  0.90714  0.00714  0.00714  0.00714  0.00714  0.00714  0.00714  0.00714 
 0.07143  0.07143  0.07143  0.07143  0.07143  0.07143  0.07143  0.07143  0.07143  0.07143  0.07143  0.07143  0.07143  0.07143 
 0.07143  0.07143  0.07143  0.07143  0.07143  0.07143  0.07143  0.07143  0.07143  0.07143  0.07143  0.07143  0.07143  0.07143 
------------
